NAME : EXPLORATION
TYPE : ATSP
DIMENSION : 15
EDGE_WEIGHT_TYPE: EXPLICIT
EDGE_WEIGHT_FORMAT: FULL_MATRIX
EDGE_WEIGHT_SECTION
0 10813 13021 17218 19823 13263 12699 11777 15526 7965 13559 4890 3287 5645 0 
10813 0 4144 14382 16062 7641 2449 14745 10817 2886 5946 5925 14097 8880 0 
13021 4144 0 10913 12261 4160 2120 13251 7127 6158 1966 8419 16233 9254 0 
17218 14382 10913 0 2708 6808 12996 8232 3858 14814 8984 14963 19371 11575 0 
19823 16062 12261 2708 0 8438 14381 10813 5253 16851 10295 17307 22049 14179 0 
13263 7641 4160 6808 8438 0 6202 9916 3185 8544 2361 9601 16146 8182 0 
12699 2449 2120 12996 14381 6202 0 14701 9235 5081 4086 7858 15979 9802 0 
11777 14745 13251 8232 10813 9916 14701 0 9411 13541 12039 11951 12861 7169 0 
15526 10817 7127 3858 5253 3185 9235 9411 0 11657 5172 12397 18138 10039 0 
7965 2886 6158 14814 16851 8544 5081 13541 11657 0 7527 3107 11239 6896 0 
13559 5946 1966 8984 10295 2361 4086 12039 5172 7527 0 9302 16654 9110 0 
4890 5925 8419 14963 17307 9601 7858 11951 12397 3107 9302 0 8176 4812 0 
3287 14097 16233 19371 22049 16146 15979 12861 18138 11239 16654 8176 0 8100 0 
5645 8880 9254 11575 14179 8182 9802 7169 10039 6896 9110 4812 8100 0 0 
2849 8048 10186 15310 17810 10704 9860 11100 13202 5262 10805 2156 6118 4060 0 
